18#
101 小明 AB 201 780 -1 -1 -1 -1 0
108 ios AB 101 980 -1 -1 -1 -1 0
109 jhg AB 101 981 -1 -1 -1 -1 0
110 ias AB 101 990 -1 -1 -1 -1 0
201 小强 CD 201 790 -1 -1 -1 -1 0
205 sjndb CD 101 870 -1 -1 -1 -1 0
209 qpow CD 101 560 -1 -1 -1 -1 0
301 小从 EF 201 890 -1 -1 -1 -1 0
401 小岚 G 201 900 -1 -1 -1 -1 0
402 小王 G 201 880 -1 -1 -1 -1 0
501 小旺 至诚 201 870 -1 -1 -1 -1 0
502 小典 至诚 102 210 -1 -1 -1 -1 0
601 小方 知行 102 200 -1 -1 -1 -1 0
701 小成 思源 102 230 -1 -1 -1 -1 0
702 mary 思源 101 550 -1 -1 -1 -1 0
801 小南 弘毅 102 190 -1 -1 -1 -1 0
802 小常 弘毅 102  180 -1 -1 -1 0
809 jhwd 弘毅 101 550 -1 -1 -1 -1 0
